11 111111111111411

Numidam! 141111111111111114114114111,4,
Meto 111111 1131111, 1⁰, 44 new 41 marom 11111 114114114111
1114111((111111 11, 2, ⁰ 111111 1111111 ⁰, 7, 47 (111141111111111111111 pu·
41141 1111111111, 7, 44 nuo somnum 111111,4,14((11131141141,1144114.
131161ῐὶ1144, ,27 11111111,1111141111114ο Ξὲῃιιὼιὲἰῆιή, ἴυζῇτῗυῖιιιὼυ tem
- 1 111 11
111111444111411,4,,41111111442,441111144411111111444111444
⁰⁰ 11111411141111111111111,14,4 1111α11111111 1111111, 4, 44
4411111111111111114,44111114111 4441111111114411141111111114
1114, 42 1111111114, 24111111, 4, 47 11111411,14,41111111111114111111111114-
1111111111, 1, 44 1111111144111111111111114,4,44111111111414,4,47
41111111,11,44.1,,.,,,411444.1 ο141111111ιί1111114111111Γ1111111.44
4,.41 1,,.77 11, 1, 41. ⁰⁰. 11,,41141 1141111111411114411141111, ⁰, 44
ἰ”11111ἰ11118151, 11. 111 11Μί11Μῖοὓίθ11ω11Ι ΉἪιῖιἯ
41111111111311.Ι111111111111111411141411441111ιιι ma m
11,1,14111111111111141111111111111 4111111111111111111114,4,11
4 4 22 11111111141111111411141 mmmm judiciupouittubverbis
umsoecmdaeivmlmme: ⁰v„⁰⁰⁰
quiduriuaoerbatuu1‚2·.oemm 4414141144131114,4,4411114
ἓᾞέἓίἷὲῗῖἶ.1”“”· ⁸ 31·ῒ··’ 11· 11· ’1111·’“·” '''⁸²v⁶”'¹⁵'
1 11111411 1 111 1
uti oi, l, 44 ’11111111111311111111111111111
4114111, ⁰⁰⁰⁰& 'm dam mh ιι«4111111110, 11111 Deum 1141311111ιί1, 4,
4411111111 ’714 puellm 11, 4, 11 44 14111114441411111,1,444(4.14111,
Motum 1111111414 metus 1111111, Ἓω).1οι111111111114,1,14
4,74 1111111411ὼοί,4,4(41111141111).
Meus! 1111 11111Ι)111 411, 4, 44 1114114111 11114111, 2, 441111 11141111
441111111111111111111114111Α, 14 machaia 41, 2, 24 11111111 1141411111
mimate 111411 ,111, 12 41111111 111,4,14(1141111111111 nd
1
111,111, 1,
fortis 1, 7, 4. 11, 1, 144 111111 1311114 1111 13113111 114111 mero 11111111,
11111 1111111111·· 11, ⁰, 11⁰ 111111 411411 1, 44 111111 potul· 111111 nuo 111, 4,
1114111441111113111 11,1,441111111 44
4114141111 111111 4111114111 11111111 44141 11, 4, 44 (figura 14111111 111-
11,1,144 3411411). P'hrygiil, 4, 74 modin 1111111
441Ιὶ41111111114,42 nox 111411 1113411411, 4, 44 modo 141411
mmmmm-dminus 111,4,44141114111111414,,744 ,
4411411311 111111 1111111111 11411111 Μ1411111111111114,1,44
4, 4. 44 11141141, 1, ⁰⁰ 111111111114111111111111141,
44111111111111 1111111111 penu 11· 44 lyram 1411111111, 4, 44
11111 1111141141, 4, 44 441111111111111141111, 4, 24
Minio 11411111 tabenti 13111111·· 11, 1, m 4411311411 3111111,11111111111411111
Minister 11111 111, 4, 47 1141111111 1111· Merentem 1114411 prmo 4111 ⁰,
14114441111311114242 1411444111111Η212ω1114,4,44
4411111111· 11113111111111114, 44 mne 11131411 11, 4, 44 11111111,
41114411111111114111111111411,14, 44 11111111 111111 1, 4, 4 1111111111 11411111
4711111111111111114,21114111111141,,421
411141141411111 nullone, 12 1101· 1111114, 14
111111111,1,11(Δεί1411) 11411111111411111111,4,47
Minor 11111111·’ 11, 4, 42 1111111 11111 Momm, ⁰,1
11,7,,2111111,421 441441411141,1,4211111111114141
uinhileopmnguinudiiv,.¹1,1s 11, 14, 4 41114411, 44111111, 2,4’4

napa. 1 να. 11,. 111. 1111 ι

 

