111 1111011011. xxiii

(11100). sutura 10101 111, 1, 80 10· 0001)(1101001, 0111011107 1101010010
1011 aevl 01001011 111, 4, 48 101011 10, 10 00111 011010 111,4,0
1, 88 601010 11011 00110 11, 0, 8 01011111
myrto 0100111, 10, 28 epula 1, 0, 84
1111101 victrices 1, 7, 7 laurus 11,0,117
6. 1011100110 1, 7, 08 10111 0000110110οὶ
00101 i, 8, 00 1001001 sudemque 1,10,
611010010111 portet 100101 11, 0, 8 08 1011 1, 10, 14 1010001111οω 010011
611111 obvia 11011 remorabitur 10110100 111, 0,2 101101 110001 11, 1, 08 geret
111110 10,1,187 1000110001111 in gremio tuo 1, 0, 80
6111011 1111011 11, 0,- 80 1100011018, 10111101)οη 0011 1001101111 101000 10,
20 lyra iii, 4, 88 garrulus 00101 1, 0, 1, 44 001000101111011010111011111 10111
20 11, 4, 00 (profert). tergo 001101 100101
6111000110ομ01 1, 7, 11 0011 11, 1, 02
61000111110100100101011111, 1,8 1110 60111010 1110 01101010 00110101 11, 8,
10 110110 1100 10, 18, 8 gaudente 1011110 10
hanc vident 1, 0, 81 gaudere 0111111101 6011110111110001111 11, 1, 71 (cupit,
video 01101111 11, 8, 01 gaudere 000 po· 101011, 01
1011111 01111111 111, 4, 00 nec gnudet 01111 60111 110111110101 iv, 1, 140
nupta 1101111 00100 111, 4, 00 gaudet 10 61101001 denum 0100100011 001111
000100000110001 equum 11,1,110 000110, 1, 100 (11. glaciem nive 100-
610οἰ1 (10 11000111 010) 1, 0, 80. 11, 1110) · -
1,12. 11, 8, 74. 10,8,18. 10, 7,0 gnu- 61101 11011 0010101 11, 8, 71 000101
01111111 10111111111, 0, 88 0110100010 11, 1, 88
sociarem 1100111 111, 8, 7 611101 dun sternitur 1110 1, 7, 00
601101 1001 1, 1, 47 0001 11, 1, 00 610111 cuique 1111 011 1, 4, 77 1011111,
gelida Al 0111,1,100 gelidi 01οο101 1,1(01011100).11113111,1,1.11184
11,4,8 00110001000111,1,108 0011 puero 11010 1, 8, 40 11101 peeoris,
Gemina 001111 10, 1, 100 gemina 11010111,1,108(000111).11111100000·
1100101 voluminis iii, 1, 18 1111101001 10, 10011 011101101010 11011
2,0 gemini 0000011000111 10, 1, 70 10, 18,7
(1001101110 pericula ponto ii, 8, 41 600111 111, 0, 80 (Ariadne)
Gemmae 000 juvent 11100, qum et 1, 8, Graciles 11101 11, 8, 0
80 gemmarum 00100010 10011 01101101 6110000100οω 1, 8, 08. 11, 4, 88
11, 2, 10 gemmas signumve 0101111010 1, 6110011 ligna ii, 1, 88 101 1, 1, 8
0,80 gemam 0011 rubro de 1111010 001· 61111 Phoebo 1111001111 11, 0, 08
1101110001110, 10 00010111οο0 vendere (Sibylla). 10001 1, 0, 84 0111110οι1 10,
velle fidem 1, 0, 88 , 0, 10
60010 percussa 1, 10, 87 1101000101 1, 611111 1010011011 1, 4, 88 10001101
0. 80ἱ 10οπ 1, 1, 08. 1, 4,14. 1, 10, 01111100 001110 agricolis 0011111001 11, 1,
00. imm 80
Genu 0101110 fuco splendente 1, 8, 611111110110001 10,1,8
11 6111010 011 11, 10, 1 (ironice)
6100111 000010101110010100011 10, 1, 611101 111 1100101001 10, 1, 10
81 611100ρο111, 1,0 penum 1, 8,87
600010 11110 01011011, 1111 0110 111, 8, 01 1011 11118, 11 011111 impetu·
14 11111 inmo ·
6110010101 11100101 111, 0,0 10 61100 11111 dapem 1, 0, 28 .
61010100010,0,0 rega—menta 11, 1, 07 10000011
,Genium 0000010011 0101010 1001101 11, 4, 07 (00011001). 01100001 10011101
choreis 1, 7, 40 Genium rogo 10, 0, 1, 10, 10
8600111 adsim& ii, 8,0 10610010100 geret regnasupetb· i.
6101001 perrepere tellurem 1, 8, 80 0, 80
6001 1011011111, 1,28 1101111111 11, 6111 01001 11, 0, 80 0110001 1,1,84
1, 88 genta 80011101 1, 7, 8 6010110 1010110010 111, 1, 70 (010100-
60000100111 000011 ponti 111, 4, 80 00101111)
genuisse 000 Pylos 101 1111100 110101 10· 6011010 10001 00100 100101 0111000
1110101 10, 1, 48 1001 1, 8, 00
Genus crudele 111, 4. 01 (1011111001 611100101001 11111 10,1, 100

0, 1,811 vulgi

 

