111 1116111111. xxix

1111 111111, 16, 26 111 nub imperium 116 legit 16111 16116111 1611161161ιί,
1111111111111,4,64 7, 62 legit quicumque 11111111 smaragdine
1111111111 mute 11111111161111111 11, 11, 4, 27 legiturque Rrytlumo 11 littore
1, 129 6611111111, 8,17
1111111161611, 9, 69 lascivo 11161611· Lege 1111111111, 8, 19 (more). 111111Ι
1111111, 1, 88 lascivus Amor 1, 16, 67 161111111116111, 4, 66 injusta 1, 6, 68
⁹ cum 1111111111 juvenem furtivo 1111, 1111111622 1131161111, 6,66 ictorum
‚⁶5 111, 4, 47
1111111111 11,1, 168 11111, 6, 26. 116, 66 cutim 1, 6,
111111111111111111111111 1111111 11, 48 161111611111,6,44 1111111111111,
6,9 11, 6, 46
111111 11 161116 haecum 11111, 16, 14 11111111 pater iii, 6, 68 (Β1161111)
1111111111111661111111(ρωρ11)1,6,62 1111111161 11111 1616 1, 8, 2 (leues
applnueo 11111111, 1, 66 11111111). ienis spiritus 1, 8, 67
1111111111, 6, 26 1116111111 iii, 4, 11111111111111,111ο 11,6,66(11111111111,
72 muniamini, 4, 29 uipera). 11111111111111, 6, 66 1111111,
111 latus ire cum 11111 11, 6, 4 11111 1, 171 111111 1111111111, 6, 82 iente mi·
1161161611 1, 4, 62 1111111161111111 nister 111, 6, 67 lento 1111161111,11,6
1, 6, 49 tenerum i, 6, 62 lentum pilum iv, 1, 96 lentus 111611, 4,
1111111111 i. 6, 26 1111111111111611- 81 111111 Amor 111111 utrumque iratum
1111616111 Ν ox 1114, 18 1111111, 16, 68 lentus 111111 negligit hy·
1111111111 Ι111111,6,8 §Bona Det). berum 111111 1111111 11, 6, 47
laudandus quum 1611111111 111 1, 16, 116111 perere 11611111 docuit long·
86 1111111117
laudent 111111 1111111 161 Venerem, 1111111 11111111, 6, 16. 111, 6, 24 Iae·
1111 6111111111, 6, 67 111111 uque i, 6, 66
111411116113661161,1,67 11111111 mille 11111111,6,66 1116
11141111111111 11, 1, ts 1116111111· jun 111116111111111,6,19
toni· iv. 1, 177 ’ 1111111111 1111116, 14 111111 iesu
11111111 dubia 111, 166 laudes 6111111 corpore quicumque sopores 11 cantus 11,
1, 9, 47 16166111111,1,66 concinuisse 4, 16 16111111111111111111611111111 cu·
11611111161116111111111111,1,6 1111- mque opibus iii, 6, 21 levare 1111111111
1111 quenqutm 116111111111 gentis 1111· 161116 1616 1, 1, 44
(1111111,1,28 1111111111 1164618111111 111111111111111116,17 11111 un-
11161, 6116111116, 4 6111 11, 1, 68
11111111 11111111 11, 6, 49 Ι1111111611,7,4411111111,46 equa
Laurea 11111111 crepitet bene 116, 11, 6,8 111111, 7, 46 11111111,1,116
81 1111111114, 61 roni, 6, 76 1111114,
11111111111111111, 6, 49 46 stipula ii, 6, 89 Venus 1, 1, 76 111·
111111111111111, 6, 41 1111111111 leviant 111116, 66 11111
111111 victrice· 1, 7,7 tauro triumphati 1111111 exemplo tuo i, 9, 46 1111111111111
1111111111 1111161111, 6,6 1111111111· 11 161111161111 11, 4, 66
vinctus ii, 6, 117 111111 ubi bone sigua iba 1111111 Mopsopio melle i, 7, 64
deditii, 6, 86 11111111, 4, 26 111111 11· 1161111111 1, 16, 26 libo 11111 111((1111·
1111 111111116, 66 11) 11, 2,8 libo ter tibi 111, 111, Du
huc 1119111161 tribuetur iv, 4, 21 centn, 111116 11, 6, 14
hx· tog· 1, 6, 46. ii, 6, 86 1111111. 11611111161111 ponitur Deo egricoia
11111618 1,1,14 116111111111111111111111,16, 21
Ι.11111111111111,4,96 11111111111111, 1161611111111 111,1,17 nivem iii,
6, 1⁵ 1,9
1111611116 16111111, 1,61 (111 mor· 11111111111111611,(111111,6,9
116). Ι1116116111111161111111111111111,2, Libet candide iii, 6,1 11111111 1116,
19 1161611111111611111111111,1,4611116 19 .
1161111111111111111 ’ 1, 6, 67 lectum 116111 ccliiiv, 1, 117 1111111166
tuum 116611 subducet 111111 imminu iv, 11611111 1111111114, 2
16, 1 (unum 1110111). iectus 11111111 1, 111111 ne dicere quicquum mugnifictn
6, 7 (pm 1111111 1111111) 16111111 1, 6, 6 libebit quodcumque 1111·
‚Legunt 611111111111111111111111· 111111611116,111111 1, 4, 66 cun 111111
1111116111116111111118 12,49.66 ’

 

