IN 1101111οΜ.

Ρο1110010001100 11, 1, 04 0011100 110- 0111001011,1,00
011101000011111 11,0,1 · ’1101000110 11, 0, 101
Pollicita 011 11113100 1131 0101110110 1, Postulat 101101 1101100 imbres 1, 7,10 ’
1, 41 Potior 0111 11 11111011 1031 11, 101
0οΡ0110010101110110101,0,17 (ten- potior 1100 111 1001οῦ31100» 11, 1, 110
11131ξῖ11110 mr. 1,1,1 metare& ,1111111101ἓῖ
mdo 0111 111, 0, 10 1031110 arboribus 1, 7, 11011110 011 1, 10, 10
11 00101101 perfluet 11100 1111011, 10, 00 Poturi jamjam 0011111 unda 111110 1, 1,
0010011 quodcumque 0110011 111011 1, 1, ἐξ 00101 juvenis 11, 0,101 pretorii, 0,
11001011 1101111, 1, 17 Ρ100011 sper 1103001 enervos 1, 1, 11
Pompa 0011101100110111 0100011 111, 0101111111 gardia 1001 11,1,11 pru·
-1,1 100103010110301011,1,101 prebere
Ρο111000011111111,1, 41 0010101 11,1,1 0100001111ωο 0110-
Ponetur ruber 000101 1011011111, 1, rum 110011 pinus 1, Ι, 10 0100011 10
17 precibus 1011 10101111 001011, 1, 111 “
Ρο0110111111111 1011 1, 0, 11 3111011111 Pmcepr delapsa ab 10001111 11, 0, ss
11,1,11001101011,1,10 Ρ1000011013011000101,1,101ωο·
Pone metum 11, 4,11 ’1111 11, 1, 1111010010101,1,70 ·
01 ponere 001111 10 cupro 1001, 1, 08 Praecinit 01011111 mihi 010101 1111 1, 0,
011110 1011110101 domo iii, 1,11 em 1 0100111011οο 103101 11, 0, 74 01001110-
10 1101111 10110111,1, 14 pedem 00 1010· 1110100111 ι11010111010001131001, 0, 11
001,1,10 10111310 000111 11, 1, 11 po· Pracipiten 011001101010111011,00011
01101 pomum 1100 1, 1, 14 0010111, 0, 10
Ponti 1110 001011 111, 4, 00 pontum 1111000010 1101011011111,1,177
nudaret 1010110010 31113100 (Charybdin) Pmeordia ferro 11110111, 1, 01
11, l, 71 pontus 0000001101 ure 11, 1, 1110111 11, 1, 0010. 11, 1, 41 (pro 11·
171 000001001100111011011010 11, 1, 010). 0100011111, 0,14 10011011οἬ0
10 11301 11,1, 10 ponte 001 00011001 310 0111,1,11 p 1111, 1,
Oceanus 01000111, 1,147 aduror 11, 1, 41 (111101
Populus 011111, 4, 00 Pmduoere 0011111 fomur 11, l, 01
que Populus 01010101 miretur 111, 1, 11111110 101001 01001 111, 1, 11
10 Praer'ert 0101101001 latonia 111111 iii, 1,
Ρο1001 1101111 1011101 0 0100111111 1, 10000010011110101011111,1,14
10, 10 Ρηΐιιι 10101 1010 1, 0, 40
Ρο1100101 per 0010111 10311οα11011- Ρ10111111110010111011,1,04 0111110-
1301 1,1, 71 1010001 generi 1, 10,1 111 011001ωο1110
in Porta serpentum Cerberus 0101111· (10010111, 1, 1 (1101010)
11011, 1, 71 10 porte 0000101001 1,1,10 Pamin belli 11, 0, 110 premia 110111
Ρο1111111 re currus 1, 7, 0 00101111 10110 perat 1,1,10
qunque sortes ’1111011 Sibylla) 11, 1, 70 Ρ1101110110011,0,111 praemonuisse 1111
00101 10111011 10011 Ι011010111, 11, 1, 70 ,
00 0011110100οω1 101110 111311 11, 1, 40 Ρ1111011111111011101111010 1111101101 11,
portet Amor 11110011 0011111010 11, 1, 10 1,178
Αοιο1111011010101,1,04 00 1111100111 Ρ10100111110100111,0, 11
3110110100 ’ 11010011οΜ1 11, 1,7
Porcus 110 01011011 1,0,11 ponite Ρ10110010001101111011111011,1,01
0100110οω111,0,11 Ρ101001111101001111111 11, 1, 77
Ρο11110110101011110001100011101,1, Ρω101001100011011,0,110 pretere-
1 10101010010111111 pm 11,1, 100 po· 00111 1000 1111 1, 1,10
1111 1000101 1,1, 00 00111001 1001010010 Ρ1010111100010110111101 0014600-
1, l, 01 101111 1111010 01100010 0111001 11, 1,
Pouet qui 1111111010 3011101 Aquinum 111010ιο11001 1011 10111110· 111. l»
1, m 11 pretorem 01010110 01101013ωοὶ0·
Pon (propone) 11, 1,10. 00 (pm 011101 arcus 1, 1, 41 ¹
001101)1,0,10.1,0,77 Ρ110111001110 1101111 1000111111 10111
Ρο1101111030101,1,71 1010111011, 111, 1, 14
11 porti (1110 0010110111,1,14 μοι· 1100111111 110, 17. 11,0,11

1111011. 11 Ver. 0111. 10071011. s

 

