11 1111111111. ih

mgna 1113111 toli 1, 1, n 11111111 11, 1, ,1111111111 1, 1, 19 dive· 1, 6, 47
10 aguam 1111111 1111 1111111111, 1,11 Α11111111111111 1, 6, 46 (1111111111)
131111111111111111 1, 10, 41 Amica mittatur Tibullo 1 coelo iv, 11,
Agnoscovocendulceu (10111111 11111111 11 111 111111 merenti 111, 6, 66
11, 6, 47. 46 Amici (1111111111,6,9 occulti 1, 6,61
Agnus candidu· 11, 6, 18 noer 111111 1111111111,11111111111111111,6,11 uuic-
111111,1,16 111111111111,4, 66 (Somni)
Agar 1111111111 1111111111111 per planu 11111111 11111111, 1, 67 111111 (pro 011·
1, 6,1 111ο)11,6, 66 11111111111,4,16111111
13111111 purgamus ii, 1, 17 11111111 deleat 11111111 1, 9, 60 dum vehet 111111
1111111111,1,19111111,6,161111111111, 1,Ρ 4,61ῗ amnis Lydius 11111111 111, 1, 19
6,117 aeteus
13111111117, 11 lati 11, 1,1 1111- ( Amor 211111, 6, 16 accendit geminas
11111111,6,41 1111111,1,11111111111, 1111161111111111011111111,1,61111111
1, 67 vieini 1, 6, 19 311. Ager) 11111111, 6,1 111111ἱν,1,0 1111111111,
111311111111111 ,1,44 4, 66 inermis ii, 6, 106 11111111,10,66
Agros per totos 11111 11111 1, 1, 1111161111,1,60 11111116111111111
61 111111111μωί1, l, 17 11111111 11, 1, 11,6,10 11111111111111111111111,6,4
81 Amor 111111 miscet assidue i, 6, 64 vin
Agricoln Deus 1,1,14. 1, 6, 17 1811111111 1111111111 11,6, 11 1111111111111
1ο11111111 1111111111, 1, 66 11111111 111- conju 'o ii, 1, 16 Amore invito i, 1,11
troii, 1, 61 agricola 11111111 11, 1, 1111111111, 0, 61 furtivus 1, 6, 76 11-
16 agricole modo 111111111111111 11, 1, 1111111114 infelix 1, M 11111114,
7 agricola pecten 11611111111111 1, 7, 10 (qui 1111111 1111111161ιέ. lascivus
19 13111ο1111111111111,6, 11 1, 10, 67 111111, 7, 44 1111111111, 6, 7
11111 Τ111111 Cilica i, 7, 16 111131111 1, 6, 76 nimiu· 1, 6, 61 1111111114, 66.
11, 1, 70 1111111111111611111,6,11 111111 66 secundun, 1, 71 1111111, 57 vetut
Pu 111111, 10, 47 3111111111111111111, ἰν, 6,19 1111111111 torquere i, 4, 61
1, 71 1111111, 1,17 1111ο111111111111,9,11
Alb· 1111111111 antiquo 1111 1, 7, 66 (1111111111 1111111). 111111111111111111,
lang· 10111111 1111111110 duce ii, 6, 4, 67 1111111 alio· 1111111111 suspirare 1,
60 6, 16. iv, 6, 11 mom 111111 gregibus
1111ω111611,7, 16 11111 111, 4, 61 Venus 11,1, 67 1111111 1111111, 1, 11 mi·
111111111111111ι11 11 1111111111 11111111·
1 7 7 u ¹
1611611111111111,6,8 νε111111111111,1,69 solvere 11111611
1111111111 componere 1111111 11, 1, 1111111611 1, 1, 60 11111111, 1, 61 (puella
17 alium virum 111, 1, 60 (111 hoc, pm· abditum). 1111111 exemplum 11111111 1,
11111111 ,65
,11111111 1, 10,67 11111111111111 11111111τὶ1 1,1,11
Alpes gelidoiv, 1, 100 1111111111111111111 puella fugit 1,1,
Alta (10111111,1,181 71111111,1,11 74
11111 11111114, 49 11111101]1111111,6, Α11111111,1,97 ·
81 1111]1111111111 Melampus iv, 1, 116
“ ΑΙ111111111111111111111,6, 17 Α1111111111111111111,1,94
Α1111111111111,1,41 Α13111111111,1,69 1131111111 1, 6,
11111111111111, 1, 49 10
1111611111 quo non 11111 111, 4, 94 11311111111111111, 4, 67
1111111111· 11, 6, 67 (Sibyll.) Angusta 11111111 1,4, 11 (h. 1611111111).
Amana 111111 1, 6, 61 11111111 1111111 angustum ngmen 11111111 1, 6,(16
1, 6, 71 1111111119 11111111 11111 Α1111111111111116111111,6,60
(11111111 11, 6, 7 11111111111111111, 4,16 1111111111 1, 6, 17
1111111111111111111,1,611 1111111111 Α11111011111111, 6, 69
i. 6, 67 11111111 1111 ludere 1, 6, 16 Animo 1111 1111 querentes 1111111Ιί-
- 1111116111 11, 4,11 11111111 1111111 111111111111, 6,61(11111)111). 1111111111
1111111111 precatuum
1111111111 111, 4, 11 1111111111 1111111111111111111111111111
1111111311 plurimu 11111 111, 1, 10 v, 1, 164

111111Ρί1161 1, 4, 61 ex 1111111111 11111111111111,9, 1

 

