111 munzun. xm

11111111,11,1 mut-&vin lim 111111111,1,11(11111).11111 a·
111111 11111111(1111111111)1,1,11 1111111, 1, 11
Nm 11111111 mter, quod optet 11, 11111 me 'n 1111 domo 1, 1,11
1,11. Nile 1111111111 11111111.1,111
11111111,1,11.11,1,1.11 neu-iv, 1111111111Ιί1 α1111111111111111ῌζ
111,1,11.11,1,111)1.111111,1,1 11111111 1111111111 111111 11111111,
1111111111111111111111, 1, 11 1,11
¹ 1101118111 11111111 11111 1111111111 ⁸ 11111111 11111 corpor· 1111111 1111 1,
1 1 “ 151 -
1111111111111111111111 genus 1111, 11111 mummi. 1,11 1
1111111111111111,1,111(11111).11111 Nitentem 1111111111 1,1,11 1111111
1111111μ-41ω1110111111, 1,18 1111111111 111111111μ1111111111, .
Ν11111111111111111111111111,1,11 1,111 almannum 11111111
111111111111111,1,11 11111111111111111111111111,1,11
1111111 1111111 Stygia 1111 1,11,11 1111111111 1111111111 eorpus 111,1,
(Chaon). ugus Ι, 1, 11 11 11111111 pulcherque 1111 11, M 1111·
1111111111 1111111, 1, 1 (ne quing] 111111111111111311111) 11111111
Neon 111, 1,111. 111, 1, 11. 11. , 11, 1,11 (beneuram) ·
1.1.11.111,1,17.11.111,1,11 1111111111 turgere 1111 1 11111111,
Notat 11111 1111 11111111 11111 11, 1, 1,11 1
111 (temperat) 1111111111 iii. 1, 11 11111111 11,1
1111111111 11δί1111111,11111 11, 1,11 11111111,1,11 111111111ωά111,
MS , 1,111111111111111111111,1.81111111,1,
11111111 11111 111, 1, 11 loqui 11, 1, 1 nivem 111111 111,1,11 111 111,1,11.
mmmmm 111,1,11 1,1,11 1111111111
111111111111111111, 1, 11 11111111 111111,1,1ρ111,1111
1111111111 forte primo, 1111111111 1111111111111111111,1,111 11111 ¹
- 1111111,1,1111111111111111111,1, 111111111111 1111111, 1,11 1111111
111,“11“1ξ11011”1’111υ·1111’111“1ῗ1”ιῗ 'ffifffim’ssm
111111111111111111 11111111111111 111111111111111111111 1111111111,
11111111 1111 111 1111111111111- 111111111111111111111111111 m
111911 11, 1, 11 pm 111111 1111111111 1,1,1 nomn&
egleemuamm 11111111111111,1111111111111·

ι Negligttpioeiudoenmimhybew 11111111 ψωφωῌήω-
1,1,1111111111 mmmmm 11 · ·

{i 1111111111,1,11. 11, 1,11. 111, 111. ,ἰ 111ξὶ111111 11111 culeo· 111 m
.1.11 1 1
nemon 11 domibus ..1111 11111111. 'um-um 1111 11111111, 11
11111111,1,11 1111111111,1,1 1111111111, Ι, 11. 11, 11,
Ν111111111111111,1, 11 1 11111111,1,111111111,1,11 1111111
Nammmmfnnliul’mw 1,1,11 mi. 1,11 11111111, 1,11
ΝοροιριπωίΙ,1,11 1111111,1,11ο111,1,11.111,1,1111
1113111111111111 ΕΜ 11111 11, 1, nocte profunda 1, 1, a hum) .
1111111111)... mm·
11111111111111,1,11 Noetinhybem 1111111111111111 no·
Ναοί11111111111,1,11 11111,1,111111111111111111111111,1, ·
Nudo quid 111111111111111111,1, 11 1111111οωί1111, 1,1 (1111111). 11·
11 1111111111.1,ι11111111111,11
Ι 1111111111 pom-patmum 111111111111111111 111111 1,1,
’1111111ἱίιη 1, 11 3111111111 1113111111 1,1,11 (mi
{ffic'assms 1,1,11 nigr- 11111 11111 marengum 1111111, 11
111,1,11 hon 1111111111). 11111 1111111111111, 11 111 11111111·
111.1,11(1111111).111111111,1,1111111 1111111111 nometnbentinffla
11111111,1,11 nigra pecuda iii, 1,11 verba 111111 11, 1, 11 111111 1

 

